# generated by Slic3r 1.3.0-dev on 2017-12-06 22:19:00
bed_shape = 79.5618x8.36228,78.2518x16.6329,76.0845x24.7214,73.0836x32.5389,69.282x40,64.7214x47.0228,59.4516x53.5304,53.5304x59.4516,47.0228x64.7214,40x69.282,32.5389x73.0836,24.7214x76.0845,16.6329x78.2518,8.36228x79.5618,0x80,-8.36228x79.5618,-16.6329x78.2518,-24.7214x76.0845,-32.5389x73.0836,-40x69.282,-47.0228x64.7214,-53.5304x59.4516,-59.4516x53.5304,-64.7214x47.0228,-69.282x40,-73.0836x32.5389,-76.0845x24.7214,-78.2518x16.6329,-79.5618x8.36228,-80x0,-79.5618x-8.36228,-78.2518x-16.6329,-76.0845x-24.7214,-73.0836x-32.5389,-69.282x-40,-64.7214x-47.0228,-59.4516x-53.5304,-53.5304x-59.4516,-47.0228x-64.7214,-40x-69.282,-32.5389x-73.0836,-24.7214x-76.0845,-16.6329x-78.2518,-8.36228x-79.5618,0x-80,8.36228x-79.5618,16.6329x-78.2518,24.7214x-76.0845,32.5389x-73.0836,40x-69.282,47.0228x-64.7214,53.5304x-59.4516,59.4516x-53.5304,64.7214x-47.0228,69.282x-40,73.0836x-32.5389,76.0845x-24.7214,78.2518x-16.6329,79.5618x-8.36228,80x0
before_layer_gcode = 
between_objects_gcode = 
end_gcode = ;M144 ; switch bed to standby\n;M104 S0 ; extruder heater off\n;M140 S0 ; heated bed heater off\nM106 S0 ; turn off fan\nG91 ; relative positioning\nM83 ; relative extruder moves\nG1 E-5 ; retract filament\nT-1 ; deselect tool (switches all tools to standby)\nG28 ; home all axes\nM84 ; disable motors\nG90 ; absolute positioning\n
extruder_offset = 0x0
gcode_flavor = reprap
has_heatbed = 1
host_type = duet
layer_gcode = 
max_layer_height = 0.3
min_layer_height = 0.1
nozzle_diameter = 0.4
octoprint_apikey = 
pressure_advance = 0
print_host = kossel
printer_notes = ""
printer_settings_id = 
retract_before_travel = 2
retract_layer_change = 1
retract_length = 4.5
retract_length_toolchange = 10
retract_lift = 0.5
retract_lift_above = 0
retract_lift_below = 0
retract_restart_extra = 0
retract_restart_extra_toolchange = 0
retract_speed = 150
serial_port = 
serial_speed = 250000
start_gcode = G21 ; metric values\nG90 ; absolute positioning\nM82 ; absolute extruder moves\nM107 ; start with the fan off\nG28 ; home all axes\nG92 E0 ; zero the extruded length\nG1 F200 E5 ; extrude 5mm of feed stock\nG92 E0 ; zero the extruded length again\nG1 Z5 F5000\n
toolchange_gcode = 
use_firmware_retraction = 0
use_relative_e_distances = 0
use_volumetric_e = 0
vibration_limit = 0
wipe = 0
z_offset = 0
z_steps_per_mm = 0
